Date Time,Battery[V],Temperature,Humidity, D150932_L1,D150932_L2,D150932_L3,D150932_L4,D150931_L1,D150931_L2,D150931_L3,D150931_L4,D150930_L1,D150930_L2,D150930_L3,D150930_L4,D150935_L1,D150935_L2,D150935_L3,D150935_L4,D150934_L1,D150934_L2,D150934_L3,D150934_L4,D150936_L1,D150936_L2,D150936_L3,D150936_L4,
2015\06\15 12:39:10,13.3,  10.7,     63, 14.7, 14.6, 14.4, 14.6, 12.2, 12.3, 12.1, 11.8, 12.0, 12.1, 11.8, 12.0, 96.1, 97.5,101.4,101.2, 79.2, 76.6, 76.6, 76.2, 72.8, 73.4, 74.8, 73.6,
2015\06\15 15:39:10,13.4,  17.1,     59, 14.7, 14.6, 14.4, 14.6, 12.2, 12.3, 12.1, 11.8, 12.0, 12.1, 11.8, 12.0, 96.1, 97.5,101.3,101.1, 79.2, 76.5, 76.6, 76.1, 72.8, 73.4, 74.7, 73.6,
2015\06\15 16:02:11,13.5,  17.4,     58, 14.7, 14.6, 14.4, 14.6, 12.2, 12.3, 12.1, 11.8, 12.0, 12.1, 11.8, 12.0, 96.1,        ,        ,        ,        ,        ,        ,        ,        ,        ,        ,        ,
2015\06\15 16:05:18,13.4,  18.7,     58, 14.7, 14.6, 14.4, 14.6, 12.2, 12.3, 12.1, 11.8, 12.0, 12.1, 11.8, 12.0, 96.1, 97.5,101.3,101.1, 79.2, 76.5, 76.6, 76.1, 72.8, 73.4, 74.7, 73.6,
2015\06\15 19:05:16,13.5,  16.8,     57, 14.7, 14.6, 14.4, 14.6, 12.2, 12.3, 12.1, 11.8, 12.0, 12.1, 11.8, 12.0, 96.1, 97.5,101.3,101.1, 79.2, 76.5, 76.6, 76.1, 72.8, 73.4, 74.9, 73.6,
2015\06\15 22:05:16,13.5,  14.9,     57, 14.7, 14.6, 14.4, 14.6, 12.2, 12.3, 12.1, 11.8, 12.0, 12.1, 11.8, 12.0, 96.1, 97.5,101.3,101.1, 79.2, 76.5, 76.6, 76.1, 72.8, 73.4, 75.0, 73.6,
2015\06\16 01:05:16,12.5,  13.4,     57, 14.7, 14.6, 14.4, 14.6, 12.2, 12.3, 12.1, 11.8, 12.0, 12.1, 11.8, 12.0, 96.1, 97.5,101.3,101.1, 79.2, 76.5, 76.6, 76.1, 72.8, 73.4, 74.8, 73.6,
2015\06\16 04:05:16,12.3,  12.9,     56, 14.7, 14.6, 14.4, 14.6, 12.2, 12.3, 12.1, 11.8, 12.0, 12.1, 11.8, 12.0, 96.1, 97.5,101.3,101.1, 79.2, 76.5, 76.6, 76.1, 72.8, 73.4, 74.8, 73.6,
2015\06\16 07:05:16,13.4,  14.0,     56, 14.7, 14.6, 14.4, 14.6, 12.2, 12.3, 12.1, 11.8, 12.0, 12.1, 11.8, 12.0,        ,        ,        ,        ,        ,        ,        ,        ,        ,        ,        ,        ,
Date Time,Battery[V],Temperature,Humidity, D150932_L1,D150932_L2,D150932_L3,D150932_L4,D150931_L1,D150931_L2,D150931_L3,D150931_L4,D150930_L1,D150930_L2,D150930_L3,D150930_L4,D150935_L1,D150935_L2,D150935_L3,D150935_L4,D150934_L1,D150934_L2,D150934_L3,D150934_L4,D150936_L1,D150936_L2,D150936_L3,D150936_L4,
2015\06\16 10:09:28,13.5,  15.2,     56,100.7, 99.8, 97.9, 99.4, 77.2, 77.9, 76.1, 72.9, 75.0, 75.7, 73.5, 75.4, 96.1, 97.5,101.3,101.1, 79.1, 76.5, 76.6, 76.1, 72.8, 73.4, 74.7, 73.6,
Date Time,Battery[V],Temperature,Humidity, D150932_L1,D150932_L2,D150932_L3,D150932_L4,D150931_L1,D150931_L2,D150931_L3,D150931_L4,D150930_L1,D150930_L2,D150930_L3,D150930_L4,D150935_L1,D150935_L2,D150935_L3,D150935_L4,D150934_L1,D150934_L2,D150934_L3,D150934_L4,D150936_L1,D150936_L2,D150936_L3,D150936_L4,
2015\06\16 11:18:25,13.5,  16.1,     55,100.7, 99.8, 97.9, 99.4, 77.2, 77.9, 76.1, 72.9, 75.0, 75.7, 73.5, 75.4, 96.1, 97.5,101.3,101.1, 79.1, 76.5, 76.6, 76.1, 72.8, 73.4, 74.8, 73.6,
Date Time,Battery[V],Temperature,Humidity, D150932_L1,D150932_L2,D150932_L3,D150932_L4,D150931_L1,D150931_L2,D150931_L3,D150931_L4,D150930_L1,D150930_L2,D150930_L3,D150930_L4,D150935_L1,D150935_L2,D150935_L3,D150935_L4,D150934_L1,D150934_L2,D150934_L3,D150934_L4,D150936_L1,D150936_L2,D150936_L3,D150936_L4,
2015\06\16 11:31:46,13.5,  17.2,     56,100.7, 99.8, 97.9, 99.4, 77.2, 77.9, 76.1, 72.9, 75.0, 75.7, 73.5, 75.4, 96.1, 97.5,101.3,101.1, 79.1, 76.5, 76.6, 76.1, 72.8, 73.4, 75.1, 73.6,
2015\06\16 14:31:45,13.5,  16.9,     56,100.7, 99.8, 97.9, 99.4, 77.2, 77.9, 76.1, 72.9, 75.0, 75.7, 73.5, 75.4, 96.1, 97.5,101.3,101.1, 79.2, 76.5, 76.6, 76.1, 72.8, 73.4, 74.8, 73.6,
2015\06\16 17:31:45,13.5,  16.4,     55,100.7, 99.8, 97.9, 99.4, 77.2, 77.9, 76.1, 72.9, 75.0, 75.7, 73.5, 75.4, 96.1, 97.5,101.3,101.1, 79.2, 76.5, 76.6, 76.1, 72.8, 73.4, 74.9, 73.6,
2015\06\16 20:31:45,13.5,  14.4,     54,100.7, 99.8, 97.9, 99.4, 77.2, 77.9, 76.1, 72.9, 75.0, 75.7, 73.5, 75.4, 96.1, 97.5,101.3,101.1, 79.2, 76.5, 76.6, 76.1, 72.8, 73.4, 74.9, 73.6,
2015\06\16 23:31:45,13.5,  14.1,     55,100.7, 99.8, 97.9, 99.4, 77.2, 77.9, 76.1, 72.9, 75.0, 75.7, 73.5, 75.4, 96.1, 97.5,101.3,101.1, 79.1, 76.5, 76.6, 76.1, 72.8, 73.4, 75.0, 73.6,
2015\06\17 02:31:45,13.5,  13.4,     54,100.7, 99.8, 97.9, 99.4, 77.2, 77.9, 76.1, 72.9, 75.0, 75.7, 73.5, 75.4, 96.1, 97.5,101.3,101.1, 79.1, 76.5, 76.6, 76.1, 72.8, 73.4, 75.0, 73.6,
2015\06\17 05:31:45,13.5,  12.3,     54,100.7, 99.8, 97.9, 99.4, 77.2, 77.9, 76.1, 72.9, 75.0, 75.7, 73.5, 75.4, 96.1, 97.5,101.3,101.1, 79.1, 76.5, 76.6, 76.1, 72.8, 73.4, 73.7, 73.6,
